1231354654984132498435249841312149835465879841654981786123614984316587985168996413549841657984132419846546984321468481321681357965321254762034984101456405161798562
835465412398413241984654698432146848132168135796532198435249841312149841354984165798123231321321321321313213213213213213213213546587984165498178612361498431658798516899645986405161798671
123135465498413249843524984131256465165719804289714986749849787659564657465768405168401574503164506540315032012310213241984013521498651156410149841354984165798413248720456789249877425476203498410145640516179869
12313546549841324984352498413121498413549546546546546546554531564651028465161861065144168764961841564198406187498046151465016841657984132419846546984321254762034984101456405161798507
935465412398413241984654698432146848132168135796532198435249841312149841354984165798413965321254762034798510
735465412398413241984654698432146848132168135796532198435249841312149841354984165798413242547620349841014564051617986264
12313546549841324984352498413121498413549841657984132419846546984321468481321681357965321254762034984101456405161798589
835465412398413241984654698432198435249841312149841354984165798413242547620349841014564051617986101
123135465498413249843524984131214984135498416579841324198465469843214684813216813579653212547620349841014564051617985992
1354654123984132419846546984321468481324254762034984101456405161798619846546984321468483546587984165498178612361498431658798516899613293
923135465498413249843535465879841654981786123614984316587985168996249841312149841354984165798413287984165498178612361498431658798516899624984131214984135498416574198465469843214684813216813579653212547620349841014564051617985187
13546541239841324116813498413549841657984132425476203498416813579653219843524984131214984135498416579841321014564051617986175
12313546549841324984335465879841654981786123614984316587985168996524984131214984135498416579841324198465469843214684813216813579653212547620349841014564051617985172
1354654123984132419846546984321468481321681357965321984352498413121498413549841657984135465879841654981786123614984316587985168996324254762034984101456405164565478913218101247154198710401917986134
12313546549841324984352498413121498358798416549817861236149843165879851689962498413121498413549841657465879841654981786123614984316587985168996413549841657984132419846546984321468481321681357965321254762034984101456405161798562
1231354654984132498435249841312149835465879841654981786123614984316587985168996413549841657984132419846546984321468481321681357965321254762034984101456405161798562
1354654123984132419846546984321468481879841654981786123614984316587985168996249841312149841354984165732168135796532198435249841312149841354984165798123231321321321321313213213213213213213213546587984165498178612361498431658798516899645986405161798671
1231354654984132498435249841312149841354984165798413248720456789249877425476203498410145640516179869
42313546549841324984352498413121498413549841657984132419846546984321254762034984101456405161798507
135465412398413241984654698438798416549817861236149843165879851689962498413121843535465879841654981786123614984316584984135498416572146848132168135796532198435249841312149841354984165798413965321254762034798510
7354654123984132419846546984321468481321681357965321984352498413128435354658798416549817861236149843165814984135498416579841324254762034984101456405161798888864
52313546549841324984352498413121498413549841657984132419846548435354658798416549817861236149843165843535465879841654981786123614984316588435354658798416549817861236149843165884353546587984165498178612361498431658843535465879841654981786123614984316588435354658798416549817861236149843165884353546587984165498178612361498431658843535465879841654981786123614984316588435354658798416549817861236149843165886984321468481321681357965321254762034984101456405161798589
13546541239841324198465469843218798416549817861236149843165879851689962498413121498413549841657843535465879841654981786123614984316589843535465879841654981786123614984316588435249841312149841354984165798413242547620349841014564051617986101
1231354654984132498435249841312149841354984165798413241984658435354658798416549817861236149843165848435354658798416549817861236149843165869843214684813216813579653212547620349841014564051617985992
135465412398413241984654698432146848132425476203498410145640516179861984654698432146848354658798416549817861236149843168435354658798416549817861236149843165858798516899613293
9231354654984132498435354658798416549817861236149843165879851689962498413121498413549841657984132419848435354658798416549817861236149843165865469843214684813216813579653212547620349841014564051617985187
235465412398413241168134984135498416579841324254762034984843535465879841654981786123614984316581681357965321984352498413121484353546587984165498178612361498431658984135498416579841321014564051617986175
123135465498413249843354658798418798416549817861236149843165879851689962498413121498413549841657654981786123614984316587985168996524984131214984135498416579841324198465469843214684813216813579653212547620349841014564051617985172
13546541239841324198465469843214684813216813579653219843524984131214984135498416579841354658798416549817861236149843165879851689963284353546587984165498184353546587984165498178612361498431658786123614984316584254762034984101456405164565478913218101247154198710401917986134
13546541239841324198465469843214684813216813579653219843524984131214984135498416579812323132132132132131321321321321321321321354658784353546587984165498178612361498431658984165498178612361498431658798516899645986405161798671
123135465498413249843524984131879841654981786184353546587984165498178612361498431658236149843165879851689962498413121498413549841657218435354658798416549817861236149843165849841354984165798413248720456789249877425476203498410145640516179869
12313546549841324984352498413121498413549841657984132419846546984321254762034984101456405161798507
1354654123984132419846546984387984165498178612361498431658798516899624984131214984135498416572146848132168135796532198435249841312149841354984165798413965321254762034798510
73546541239841324198465469843214684813216813579653219843524984131214984135498416579841324254762034984101456405103030320213264
12313546549841324984352498413121498413549841657984132419846546984321468481321681357965321254762034984101456405161798589
1354654123984132419846546988798416549817861236149843165879851689962498413121498413549841657432198435249841312149841354984165798413242547620349841014564051617986101
123135465498413249843524984131214984135498416579841324198465469843214684813216813579653212547620349843535465879841654981786123614984316588435354658798416549817861236149843165884353546587984165498178612361498431658843535465879841654981786123614984316588435354658798416549817861236149843165884353546587984165498178612361498431658843535465879841654981786123614984316588435354658798416549817861236149843165884353546587984165498178612361498431658841014564051617985992
1354654123984132419846546984321468481324254762034984101456405161798618435354658798416548435354658798416549817861236149843165884353546587984165498178612361498431658843535465879841654981786123614984316588435354658798416549817861236149843165884353546587984165498178612361498431658843535465879841654981786123614984316588435354658798416549817861236149843165884353546587984165498178612361498431658981786123614984316589846546984321468483546587984165498178612361498431658798516899613293
9231354654984132498435354658798416549817861236149843165879851689962498843535465879841654981786123614984316584131214984135498416579841324198465469843214684813216813579653212547620349841014564051617985187
13546541239841324116813498413549841657984132425476203498416813579653219843524984131214984135498416579841321014564051617986175
123135465498413249843358798416549817861236149843165879851689962498413121498413549841657465879841654981786123614984316587985168996524984131214984135498416579841324198465469843214684813216813579653212547620349841014564051617985172
1354654123984132419846546984321468481321681357965321984352498413121498413549841657984135465879841654981786123614984316587985168996324254762034984101456405164565478913218101247154198710401917986134
1231354654984132498435249841312149841354984165798413241984658435354658798416549817861236149843165848435354658798416549817861236149843165869843214684813216813579653212547620349841014564051617985992
135465412398413241984654698432146848132425476203498410145640516179861984654698432146848354658798416549817861236149843168435354658798416549817861236149843165858798516899613293
9231354654984132498435354658798416549817861236149843165879851689962498413121498413549841657984132419848435354658798416549817861236149843165865469843214684813216813579653212547620349841014564051617985187
135465412398413241168134984135498416579841324254762034984843535465879841654981786123614984316581681357965321984352498413121484353546587984165498178612361498431658984135498416579841321014564051617986175
123135465498413249843354658798418798416549817861236149843165879851689962498413121498413549841657654981786123614984316587985168996524984131214984135498416579841324198465469843214684813216813579653212547620349841014564051617985172
13546541239841324198465469843214684813216813579653219843524984131214984135498416579841354658798416549817861236149843165879851689963284353546587984165498184353546587984165498178612361498431658786123614984316584254762034984101456405164565478913218101247154198710401917986134
13546541239841324198465469843214684813216813579653219843524984131214984135498416579812323132132132132131321321321321321321321354658784353546587984165498178612361498431658984165498178612361498431658798516899645986405161798671
123135465498413249843524984131879841654981786184353546587984165498178612361498431658236149843165879851689962498413121498413549841657218435354658798416549817861236149843165849841354984165798413248720456789249877425476203498410145640516179869
835465412398413241984654698432198435249841312149841354984165798413242547620349841014564051617986101
123135465498413249843524984131214984135498416579841324198465469843214684813216813579653212547620349841014564051617985992
1354654123984132419846546984321468481324254762034984101456405161798619846546984321468483546587984165498178612361498431658798516899613293
923135465498413249843535465879841654981786123614984316587985168996249841312149841354984165798413287984165498178612361498431658798516899624984131214984135498416574198465469843214684813216813579653212547620349841014564051617985187
13546541239841324116813498413549841657984132425476203498416813579653219843524984131214984135498416579841321014564051617986175
12313546549841324984335465879841654981786123614984316587985168996524984131214984135498416579841324198465469843214684813216813579653212547620349841014564051617985172
1354654123984132419846546984321468481321681357965321984352498413121498413549841657984135465879841654981786123614984316587985168996324254762034984101456405164565478913218101247154198710401917986134
12313546549841324984352498413121498358798416549817861236149843165879851689962498413121498413549841657465879841654981786123614984316587985168996413549841657984132419846546984321468481321681357965321254762034984101456405161798562
1231354654984132498435249841312149835465879841654981786123614984316587985168996413549841657984132419846546984321468481321681357965321254762034984101456405161798562
1354654123984132419846546984321468481879841654981786123614984316587985168996249841312149841354984165732168135796532198435249841312149841354984165798123231321321321321313213213213213213213213546587984165498178612361498431658798516899645986405161798671